2.08
0.01400018
0.007999897
0.007999897
0.008000135
0.007999897
0.009000063
0.01200008
0.01199985
0.01100016
0.05699992
0.023
0.02200007
0.01899981
0.02200007
0.01800013
0.023
0.02199984
0.02400017
0.02499986
0.01800013
0.02199984
0.023
0.03400016
0.023
0.01999998
0.02099991
0.023
0.02399993
0.0400002
0.02699995
0.02499986
0.02400017
0.02399993
0.02399993
0.02800012
0.02499986
0.02600002
0.02400017
0.02699995
0.023
0.02699995
0.023
0.02999997
0.02200007
0.023
0.02199984
0.02600002
0.02600002
0.02800012
0.02600002
0.02600002
0.03999996
0.02600002
0.01999998
0.01900005
0.01799989
0.01999998
0.0250001
0.01799989
0.02600002
0.01900005
0.01999998
0.02600002
0.03799987
0.01900005
0.02100015
0.02099991
0.02200007
0.023
0.02199984
0.02600002
0.03200006
0.023
0.01999998
0.023
0.023
0.02399993
0.02200007
0.02099991
0.02600002
0.02200007
0.02399993
0.02200007
0.02299976
0.02200031
0.02399969
0.0250001
0.02400017
0.02199984
0.02699995
0.04200029
0.01999998
0.02299976
0.0250001
0.02899981
0.02600002
0.02100039
0.02399969
0.02300024
0.02399969
0.02400017
0.02300024
0.02299976
0.02600002
0.0250001
0.02600002
0.02600002
0.02199984
0.03499985
0.046
0.02900028
0.02299976
0.0250001
0.01900005
0.02400017
0.02399969
0.0250001
0.02199984
0.04900026
0.02699995
0.02299976
0.0250001
0.02400017
0.02400017
0.02299976
0.02400017
0.02299976
0.03000021
0.03099966
0.03500032
0.03200006
0.02399969
0.0250001
0.02600002
0.02400017
0.02699995
0.02600002
0.02199984
0.03600025
0.02799988
0.02299976
0.02300024
0.02299976
0.02699995
0.0250001
0.0250001
0.0250001
0.02299976
0.02300024
0.0250001
